[gd_scene load_steps=12 format=3 uid="uid://drxin6ommjpqs"]

[ext_resource type="Script" path="res://objects/game_controller.gd" id="1_yoffu"]
[ext_resource type="PackedScene" uid="uid://chrceqaijdbfm" path="res://objects/_shape_to_fill.tscn" id="2_i82xu"]
[ext_resource type="PackedScene" uid="uid://dbw2litx2xh6q" path="res://objects/cabeza.tscn" id="4_ceqh7"]
[ext_resource type="PackedScene" uid="uid://cfqkqcmif70kp" path="res://objects/oreja_izq.tscn" id="5_frumx"]
[ext_resource type="PackedScene" uid="uid://dituuyyhs5xta" path="res://objects/oreja_der.tscn" id="6_c8c8n"]
[ext_resource type="Script" path="res://objects/Label.gd" id="6_dtig5"]
[ext_resource type="PackedScene" uid="uid://px6u1u374k4c" path="res://objects/cuerpo_1.tscn" id="7_rssbi"]
[ext_resource type="PackedScene" uid="uid://mu8hxi1e4mv6" path="res://objects/cuerpo_2.tscn" id="8_1owiw"]
[ext_resource type="PackedScene" uid="uid://bm64fvbxbpcd0" path="res://objects/cola.tscn" id="8_nfghu"]
[ext_resource type="PackedScene" uid="uid://ccylunq67pcqy" path="res://objects/culo.tscn" id="10_cxfhk"]

[sub_resource type="StandardMaterial3D" id="StandardMaterial3D_a45nm"]
albedo_color = Color(0.721569, 0.564706, 0.203922, 1)

[node name="main_scene" type="Node3D"]
script = ExtResource("1_yoffu")

[node name="_shapeToFill" parent="." instance=ExtResource("2_i82xu")]

[node name="Camera3D" type="Camera3D" parent="."]
transform = Transform3D(1, 0, 0, 0, -0.173648, 0.984808, 0, -0.984808, -0.173648, -0.369, 8.0043, -1.50293)

[node name="OmniLight3D" type="OmniLight3D" parent="."]
transform = Transform3D(1, 0, 0, 0, 1, 0, 0, 0, 1, -0.0201406, 3.156, -5)
light_energy = 1.5
light_indirect_energy = 6.0
omni_range = 161.0
omni_attenuation = 0.007041

[node name="CanvasLayer" type="CanvasLayer" parent="."]

[node name="Label" type="Label" parent="CanvasLayer"]
anchors_preset = 8
anchor_left = 0.5
anchor_top = 0.5
anchor_right = 0.5
anchor_bottom = 0.5
offset_left = -307.0
offset_top = -56.5
offset_right = 307.0
offset_bottom = 56.5
grow_horizontal = 2
grow_vertical = 2
theme_override_font_sizes/font_size = 80
text = "Alma Restaurada"
script = ExtResource("6_dtig5")

[node name="Cabeza" parent="." instance=ExtResource("4_ceqh7")]
transform = Transform3D(1, 0, 0, 0, -4.37114e-08, 1, 0, -1, -4.37114e-08, 2, 0, 0)
polygon = PackedVector2Array(1, 0.5, 0.5, 1, 1, 1.5, 1.5, 1)

[node name="pataArriba" parent="." instance=ExtResource("6_c8c8n")]
transform = Transform3D(-0.5, 0.866025, 0, 3.78552e-08, 2.18557e-08, 1, 0.866025, 0.5, -4.37114e-08, -4.35, 0, -3.5)

[node name="pataAbajo" parent="." instance=ExtResource("5_frumx")]
transform = Transform3D(0.5, 0.866025, 3.78552e-08, 0, -4.37114e-08, 1, 0.866025, -0.5, -2.18557e-08, -3.382, 0, 1.768)

[node name="cuerpo1" parent="." instance=ExtResource("7_rssbi")]
transform = Transform3D(-4.37114e-08, 1, 0, 4.37114e-08, 1.91069e-15, 1, 1, 4.37114e-08, -4.37114e-08, -1.51, 0, 2.5)

[node name="pataDelArriba" parent="." instance=ExtResource("8_nfghu")]
transform = Transform3D(-0.222313, -0.6108, -2.66989e-08, 0, -2.84124e-08, 0.65, -0.6108, 0.222313, 9.71761e-09, 1.25, 0, -4.15)

[node name="cuerpo2" parent="." instance=ExtResource("8_1owiw")]
transform = Transform3D(-4.37114e-08, 1, 0, 4.37114e-08, 1.91069e-15, 1, 1, 4.37114e-08, -4.37114e-08, -1.52, 0, -6.5)

[node name="pataDelAbajo" parent="." instance=ExtResource("10_cxfhk")]
transform = Transform3D(-0.573576, -0.819152, 0, -3.58063e-08, 2.50718e-08, 1, -0.819152, 0.573576, -4.37114e-08, 2.62, 0, 0.5)

[node name="Suelo" type="CSGBox3D" parent="."]
transform = Transform3D(1, 0, 0, 0, 1, 0, 0, 0, 1, -6, -10, -4)
size = Vector3(262, 1, 180)
material = SubResource("StandardMaterial3D_a45nm")
